0.000     0
0.006     1     1
24.4116     2     1     2     0
24.4122     1     2
24.5004     2     2     2     0
24.501     1     3
24.5982     2     3     2     0
24.5988     1     4
24.7044     2     4     2     1
24.705     1     5
24.78     2     5     2     0
24.78     1     6
24.8748     2     6     2     0
24.8754     1     7
24.966     2     7     2     0
24.9666     1     8
25.0668     2     8     2     1
25.0674     1     9
25.1718     2     9     2     0
25.1718     1     10
25.2828     2     10     2     0
25.2828     1     11
25.4046     2     11     2     0
25.4052     1     12
25.4868     2     12     2     0
25.4874     1     13
25.5774     2     13     2     1
25.578     1     14
25.6728     2     14     2     0
25.6734     1     15
25.7532     2     15     2     0
25.7532     1     16
25.86     2     16     2     1
25.8606     1     17
25.9332     2     17     1     0
25.9428     1     18
26.0424     2     18     2     0
26.043     1     19
26.1336     2     19     2     0
26.1342     1     20
26.2308     2     20     2     0
26.2314     1     21
26.3208     2     21     2     0
26.3214     1     22
26.4096     2     22     2     0
26.4102     1     23
26.4996     2     23     2     0
26.5002     1     24
26.5908     2     24     2     0
26.5914     1     25
27.0942     2     25     3     0
27.0942     1     26
27.1866     2     26     3     1
27.1872     1     27
27.2922     2     27     3     1
27.2928     1     28
27.3828     2     28     3     0
27.3828     1     29
27.4884     2     29     3     0
27.489     1     30
27.5808     2     30     3     0
27.5814     1     31
27.672     2     31     3     0
27.6726     1     32
27.8442     2     32     3     0
27.8442     1     33
27.9354     2     33     3     0
27.936     1     34
28.02     2     34     3     0
28.0206     1     35
28.1952     2     35     3     0
28.1958     1     36
28.2756     2     36     3     0
28.2756     1     37
28.3932     2     37     3     1
28.3932     1     38
28.4958     2     38     3     0
28.4964     1     39
28.6032     2     39     3     1
28.6032     1     40
28.7412     2     40     3     0
28.7418     1     41
28.8     2     41     3     0
28.8     1     42
28.8822     2     42     3     0
28.8822     1     43
28.968     2     43     3     0
28.9686     1     44
29.043     2     44     3     0
29.0436     1     45
29.13     2     45     3     0
29.13     1     46
29.2002     2     46     3     0
29.2002     1     47
29.2746     2     47     3     0
29.2746     1     48
29.4006     2     48     3     0
29.4012     1     49
29.481     2     49     3     0
29.4816     1     50
29.5866     2     50     3     0
29.5872     1     51
29.9232     2     51     3     0
29.9232     1     52
30.0192     2     52     3     0
30.0198     1     53
30.1146     2     53     3     0
30.1152     1     54
30.213     2     54     3     0
30.213     1     55
30.3132     2     55     3     0
30.3132     1     56
30.435     2     56     3     0
30.435     1     57
30.5226     2     57     3     1
30.5232     1     58
30.6174     2     58     3     0
30.618     1     59
30.7218     2     59     3     0
30.7218     1     60
30.7926     2     60     3     0
