0.000     0
0.0048     1     1
0.2406     2     1     2     0
0.2412     1     2
0.3408     2     2     2     0
0.3408     1     3
0.4344     2     3     2     0
0.4344     1     4
0.537     2     4     2     1
0.5376     1     5
0.6258     2     5     2     0
0.6258     1     6
0.717     2     6     2     0
0.717     1     7
0.8118     2     7     2     0
0.8118     1     8
0.9036     2     8     2     1
0.9036     1     9
1.0056     2     9     2     0
1.0062     1     10
1.1568     2     10     2     0
1.1568     1     11
1.2444     2     11     2     0
1.2444     1     12
1.3302     2     12     2     0
1.3308     1     13
1.4208     2     13     2     1
1.4208     1     14
1.5234     2     14     2     0
1.5234     1     15
1.6068     2     15     2     0
1.6068     1     16
1.71     2     16     2     1
1.71     1     17
1.8066     2     17     1     0
1.8072     1     18
1.8972     2     18     2     0
1.8978     1     19
1.9968     2     19     2     0
1.9968     1     20
2.085     2     20     2     0
2.094     1     21
2.2002     2     21     2     0
2.2008     1     22
2.2944     2     22     2     0
2.2944     1     23
2.394     2     23     2     0
2.394     1     24
2.5068     2     24     2     0
2.5068     1     25
3.1764     2     25     3     0
3.1764     1     26
3.276     2     26     3     1
3.2766     1     27
3.3654     2     27     3     1
3.3654     1     28
3.4578     2     28     3     0
3.4584     1     29
3.5574     2     29     3     0
3.5574     1     30
3.654     2     30     3     0
3.654     1     31
3.7536     2     31     3     0
3.7536     1     32
3.8754     2     32     3     0
3.8754     1     33
3.9654     2     33     3     0
3.9654     1     34
4.1538     2     34     3     0
4.1544     1     35
4.236     2     35     3     0
4.236     1     36
4.4004     2     36     3     0
4.4004     1     37
4.5036     2     37     3     1
4.5036     1     38
4.6002     2     38     3     0
4.6014     1     39
4.695     2     39     3     1
4.695     1     40
4.788     2     40     3     0
4.788     1     41
4.9032     2     41     3     0
4.9038     1     42
5.0004     2     42     3     0
5.0004     1     43
5.1036     2     43     3     0
5.1036     1     44
5.2074     2     44     3     0
5.2074     1     45
5.3136     2     45     3     0
5.3136     1     46
5.4168     2     46     3     0
5.4168     1     47
5.526     2     47     3     0
5.526     1     48
5.6196     2     48     3     0
5.6196     1     49
5.7126     2     49     3     0
5.7126     1     50
5.8074     2     50     3     0
5.8074     1     51
5.9148     2     51     3     0
5.916     1     52
6.0036     2     52     3     0
6.0036     1     53
6.1068     2     53     3     0
6.1068     1     54
6.2196     2     54     3     0
6.2196     1     55
6.3126     2     55     3     0
6.3126     1     56
6.435     2     56     3     0
6.435     1     57
6.6426     2     57     3     1
6.6426     1     58
6.7344     2     58     3     0
6.7356     1     59
6.8484     2     59     3     0
6.849     1     60
6.9468     2     60     3     0
