0.000     0
0     1     1
0.966     2     1     2     0
0.966     1     2
1.1064     2     2     2     0
1.1064     1     3
1.2     2     3     2     0
1.2     1     4
1.2942     2     4     2     1
1.3032     1     5
1.4064     2     5     2     0
1.4064     1     6
1.4814     2     6     2     0
1.4814     1     7
1.566     2     7     2     0
1.566     1     8
1.641     2     8     2     1
1.641     1     9
1.8282     2     9     2     0
1.8282     1     10
1.8846     2     10     2     0
1.8846     1     11
1.9782     2     11     2     0
1.9782     1     12
2.0442     2     12     2     0
2.0442     1     13
2.1378     2     13     2     1
2.1378     1     14
2.2128     2     14     2     0
2.2128     1     15
2.2878     2     15     2     0
2.2878     1     16
2.3532     2     16     2     1
2.3532     1     17
2.4282     2     17     1     0
2.4282     1     18
2.613     2     18     2     0
2.613     1     19
2.6976     2     19     2     0
2.6976     1     20
2.763     2     20     2     0
2.763     1     21
2.913     2     21     2     0
2.913     1     22
3.0162     2     22     2     0
3.0162     1     23
3.1242     2     23     2     0
3.1338     1     24
3.2088     2     24     2     0
3.2088     1     25
3.8088     2     25     3     0
3.8088     1     26
3.912     2     26     3     1
3.912     1     27
3.9966     2     27     3     1
4.0056     1     28
4.0806     2     28     3     0
4.0902     1     29
4.1742     2     29     3     0
4.1742     1     30
4.2684     2     30     3     0
4.2684     1     31
4.362     2     31     3     0
4.362     1     32
4.4556     2     32     3     0
4.4556     1     33
4.5492     2     33     3     0
4.5492     1     34
4.6488     2     34     3     0
4.6494     1     35
4.7628     2     35     3     0
4.7628     1     36
4.8468     2     36     3     0
4.8468     1     37
4.95     2     37     3     1
4.95     1     38
5.0532     2     38     3     0
5.0532     1     39
5.1474     2     39     3     1
5.1474     1     40
5.241     2     40     3     0
5.241     1     41
5.3532     2     41     3     0
5.3532     1     42
5.466     2     42     3     0
5.466     1     43
5.55     2     43     3     0
5.55     1     44
5.6532     2     44     3     0
5.6532     1     45
5.7564     2     45     3     0
5.7564     1     46
5.85     2     46     3     0
5.85     1     47
5.9532     2     47     3     0
5.9532     1     48
6.0564     2     48     3     0
6.0564     1     49
6.1878     2     49     3     0
6.1878     1     50
6.2724     2     50     3     0
6.2724     1     51
6.375     2     51     3     0
6.375     1     52
6.4782     2     52     3     0
6.4782     1     53
6.5814     2     53     3     0
6.5814     1     54
6.6846     2     54     3     0
6.6846     1     55
6.7974     2     55     3     0
6.7974     1     56
6.9006     2     56     3     0
6.9096     1     57
7.0128     2     57     3     1
7.0128     1     58
7.116     2     58     3     0
7.116     1     59
7.2192     2     59     3     0
7.2192     1     60
7.341     2     60     3     0
